Data exported from EcoGenetics          
G1          
G2          
G3          
G4          
G5          
G6          
G7          
G8          
G9          
G10          
POP                    
1 , 001001 005005 003003 002002 001001 001002 001001 003003 002001 002005
2 , 001001 002002 003003 002002 001001 001001 001001 003003 002002 004004
3 , 003003 005005 003002 002002 001001 002002 006006 003003 002002 005005
4 , 004001 005005 002002 001001 001001 002002 004004 003003 001002 002002
5 , 004004 002002 002002 002002 004004 001001 002002 003003 003003 005005
6 , 004004 002002 002002 002002 003003 002001 002002 004004 001001 005005
7 , 001002 003003 003003 001001 004003 001001 002002 003003 002002 005005
8 , 001001 003003 002002 002002 001001 001001 001001 001001 001001 001001
9 , 001001 003003 002002 002002 001001 002002 002002 001001 002002 002002
10 , 002002 003005 001001 001001 003003 002002 001001 003003 002002 003003
11 , 001001 002002 003003 002002 002002 002002 001001 002002 001001 003001
12 , 001001 002002 004001 001001 001001 002001 003003 002004 001001 004004
13 , 003003 005005 004004 001001 002001 001001 001001 004004 001001 002002
14 , 002002 005005 004004 002002 002002 001001 003003 004004 001001 002002
15 , 002002 002002 004004 002001 002002 002001 003003 004004 002002 002002
16 , 001001 005005 003003 002002 004001 002002 004004 002002 003001 005005
17 , 001003 005002 003001 002002 001001 002001 004001 003003 003003 005005
18 , 003003 005005 003003 002002 002002 002002 001001 002002 001003 002002
19 , 001001 005005 003003 002002 002002 002002 004004 004004 001001 002002
20 , 004004 004004 002002 001001 001001 002002 004004 003003 003003 004004
21 , 002002 004004 003003 001001 002002 002002 005005 001001 001001 005005
22 , 001001 003003 003003 002002 003004 002002 002002 003003 001001 005005
23 , 002002 003003 001001 002002 004003 002002 001001 003003 003003 005005
24 , 001001 002002 001001 001002 001001 001001 001001 004004 003003 001001
25 , 003003 001001 004004 002001 001001 003003 005005 002002 001001 004004
26 , 002002 001001 003003 002002 001001 003003 001001 003003 001001 001001
27 , 004003 003003 001001 002002 002002 002002 003003 004001 001001 004004
28 , 004004 005005 001001 002002 002003 001001 003003 004004 001001 002002
29 , 002002 004004 003003 002002 002002 001001 001003 003003 001001 002002
30 , 002002 004004 003003 002002 004004 002002 003003 003003 001001 001001
31 , 001001 004004 002002 002002 004004 002002 001001 003003 003003 005005
32 , 001001 005005 002002 002002 002001 002002 004004 002002 003003 003004
33 , 001002 002002 002002 002002 002002 002002 001004 002002 003003 003003
34 , 003003 004004 001003 001001 002002 002002 003003 002002 003003 005005
35 , 004002 002002 002002 001001 002002 002002 004004 002002 001001 001001
36 , 003003 005005 003003 002002 004004 002002 005005 001001 001001 005005
37 , 002002 003003 003003 002002 002002 001001 004004 003003 003001 005005
38 , 002002 001001 003003 002002 004004 001001 003003 004004 003001 005005
39 , 003003 005005 001001 002002 004004 001001 002002 004004 002002 002002
43 , 004004 003003 002002 002002 004004 001001 002002 001001 002002 005005
44 , 002002 003003 003003 001001 003003 001001 004004 001001 003003 001001
45 , 002002 004004 003003 001001 004004 001001 006006 002002 001001 001001
46 , 001001 005004 003003 002002 004004 002002 004004 002002 003003 002002
50 , 002002 004004 004004 001001 001001 002002 001001 003003 001001 001001
51 , 003003 001001 001001 002002 003003 002002 004004 003003 003003 001005
52 , 001001 003003 001001 001001 002002 001001 006006 001001 002002 002002
53 , 001001 004004 004004 002002 004004 003003 004004 003003 003003 003003
59 , 004004 003003 003003 001001 003003 001001 005004 001001 003002 001001
60 , 002004 001001 002002 001001 004004 001001 004004 002002 002002 001001
66 , 002002 005005 002002 001001 003003 002002 004004 003003 002002 001001
67 , 002002 002002 004004 001001 004004 002002 004004 002002 002002 005005
68 , 001001 004004 004004 002002 004004 003003 006006 002002 001001 004004
74 , 001001 001001 002002 001001 002002 002002 005005 004001 001001 005005
75 , 003003 001002 002002 001001 002002 002002 004004 001002 002002 003001
81 , 004004 005004 001001 001001 004002 002001 004001 001002 002001 001005
82 , 003003 004004 002002 001001 004004 002002 003003 001001 001001 001001
83 , 002002 001001 004004 001002 003003 003003 003003 002004 001001 002002
89 , 001001 003003 001001 001001 002002 002002 005004 004004 002002 004004
90 , 001001 002002 002002 001001 001001 001001 004004 003003 002002 003003
96 , 002002 003003 001001 001001 001004 001001 001001 004004 003003 001001
97 , 002004 001003 001001 001001 004003 001001 003002 004001 001003 002001
98 , 004004 001001 002002 001001 003003 001001 002002 003003 001001 002002
99 , 002002 002002 001001 001001 002002 001001 002002 001001 001003 004002
103 , 003003 003003 001003 001001 004004 001001 001001 003001 002002 002002
104 , 001001 003003 003003 002002 002002 002002 001001 001001 001001 004002
105 , 001001 001001 002002 001001 004004 002002 006006 003002 002002 004004
106 , 001001 004004 002002 001001 003003 002002 002002 004004 003003 002002
110 , 004004 001001 003003 001001 001001 002002 006006 004004 001001 002002
111 , 004004 003003 001001 002002 004004 002002 006006 001001 001003 001001
112 , 004004 004004 001001 002002 002002 001003 006006 001001 001001 002002
113 , 004004 001001 002003 002002 002002 001001 002004 003001 003003 002002
114 , 003004 004004 003003 001001 002002 001001 006006 001001 003003 002002
115 , 003004 004004 001001 002002 002002 001001 002002 003003 001001 002002
116 , 002002 004004 003003 002002 002002 001001 006006 002003 003003 004004
117 , 002002 004002 003003 001001 002002 001001 002002 002002 002002 002002
118 , 002002 002002 004004 001001 004004 002002 003003 003003 001001 002002
119 , 001001 005005 004004 001001 004004 001001 005005 001003 001001 002002
120 , 002002 002002 003003 002002 003003 002002 002002 003003 001001 001001
121 , 002002 004004 004004 002002 002002 002002 004004 004004 001001 002002
122 , 004002 004004 002002 002002 002002 002002 005005 002002 003003 002002
123 , 004004 004004 001002 002002 003003 001001 002002 004004 002002 002002
124 , 004004 001001 001001 001001 003003 001001 002002 004002 002002 002002
125 , 001004 004004 004004 001001 004004 001001 005003 003003 001001 001001
126 , 004004 003001 003003 002002 003003 001001 005005 001001 003003 003005
127 , 004004 002002 001001 001001 004004 002002 006006 003003 001001 004005
128 , 004004 001001 002002 001001 003003 001001 006006 002002 003003 002002
129 , 002003 004004 002002 001001 004003 002001 006006 001002 003003 002002
130 , 003003 004004 002002 002002 001001 001001 002002 004004 003003 002002
134 , 001001 001001 004004 002002 003003 002002 004004 001001 001001 002002
135 , 002002 001001 004004 001001 003003 002002 005005 003003 001001 003005
136 , 002002 004004 004004 002002 002002 002002 004004 001001 002002 001001
137 , 002002 001001 004004 001001 004004 001001 003004 001002 002002 005005
138 , 001001 002002 004004 001001 003003 001001 003003 002002 001001 002002
139 , 003004 004004 001001 001001 001001 001001 006006 002002 002002 005005
140 , 004004 003003 004004 001001 001001 001001 002002 004003 003003 005005
141 , 002001 001001 002002 001001 003001 002002 004004 002002 001001 004004
142 , 001001 002002 001001 001001 002002 002002 004004 003004 001001 004004
143 , 003003 002002 003003 002002 002002 002002 004004 002002 001001 002002
144 , 003003 004004 002002 001001 004004 002002 002002 004004 001001 001001
145 , 003002 004002 003002 001001 004004 001002 002004 004004 001001 001003
149 , 001001 003003 004004 001001 004004 002002 005005 002003 001001 003003
150 , 002002 003003 002002 002002 001001 001001 006002 001001 001001 003003
151 , 004002 002002 004004 002002 002004 001001 005005 003003 001001 004004
152 , 004004 001001 004004 001001 004004 002001 001001 003003 002002 003003
153 , 001001 002002 002002 002002 004004 001001 001001 003003 001001 004004
154 , 003003 001001 004004 001001 003003 002002 002002 004004 001001 004004
155 , 004004 005003 003003 001001 002002 002002 005005 003003 002002 002002
156 , 002002 004004 002002 002002 001001 001001 004004 002002 002002 002002
157 , 002002 002004 003003 001001 004004 001001 005005 003003 001001 002002
158 , 003003 002002 003003 001001 002002 002002 002002 002002 001001 003003
159 , 003003 005005 003003 001001 003003 002002 001001 002002 003003 003003
160 , 004004 004004 003003 001001 002002 002002 004004 004004 001001 003003
164 , 003003 004004 002003 001001 003003 001001 005005 002002 001001 003003
165 , 004004 004004 004004 001001 003003 001001 002002 003003 002002 003003
166 , 004004 004004 003003 002002 002002 001001 002002 001002 003003 004005
167 , 004004 003003 001001 002002 002002 002002 006006 002002 003003 005005
168 , 001001 005005 003003 002002 004004 002002 006006 004004 002002 004004
169 , 004004 005005 001001 001001 002004 001001 004004 004001 002002 003002
170 , 001001 005005 003003 002002 002002 002002 003003 001001 002002 003003
171 , 004004 005005 004004 002002 002002 001001 003004 004004 001001 001001
172 , 002002 005005 003003 001001 004004 001001 005005 004004 003003 001001
173 , 003003 005005 001001 001002 004004 002002 001001 002002 003003 003004
174 , 002002 004004 003003 002002 002002 002002 006006 002002 002002 004003
175 , 004004 004004 003003 002002 004004 001001 001001 002002 003003 004003
176 , 002002 005002 002002 001001 002002 002002 002002 001001 001001 004004
177 , 001002 001004 002004 001001 004001 002001 005005 001004 001001 004005
178 , 001001 005005 004004 002002 001001 001001 005005 001001 001001 004004
179 , 001001 003003 002002 001001 002002 001001 001001 003003 003003 002002
180 , 003003 004004 004004 002002 004004 001001 003003 002002 003003 003002
181 , 004004 004004 003003 002002 001001 001001 002002 002002 002002 001001
182 , 004004 003005 001001 001001 001001 002002 005005 003003 001002 001005
183 , 003003 001001 003003 002002 001001 001001 005005 004004 002002 002002
184 , 003003 001001 002002 001001 001001 001001 005005 004004 002002 002002
185 , 003003 002005 002002 002002 003003 001001 001001 001001 003003 003003
186 , 004004 003003 003003 002002 003003 001001 004004 004004 003003 001001
187 , 004004 005005 003003 002002 003003 001001 005005 001001 003003 001001
188 , 004004 005005 001001 002002 004004 002001 001001 001001 002002 004003
189 , 004004 004004 001001 002002 001002 002002 001001 002002 002002 004004
190 , 001001 004005 004004 002002 001001 001001 003003 002002 003003 005005
191 , 002001 004004 002002 002002 001003 001001 002002 002002 001001 002002
192 , 001001 001001 002002 002002 003003 001001 002002 001001 001001 005005
193 , 004004 001002 004002 001002 002002 001002 002005 001001 002001 002003
194 , 001001 002002 004002 001001 002002 001001 001006 003003 003003 002002
195 , 001001 002002 004004 001001 003003 001001 001001 002002 002002 002002
196 , 003003 001001 002002 002002 001001 001001 003003 003003 002002 001001
197 , 004004 003003 003003 002001 004004 002002 003003 001001 003003 001001
198 , 001001 003003 003001 001001 001001 002002 001001 002002 003003 002005
199 , 004004 001001 002002 002002 004001 001001 003003 004002 002002 002002
200 , 003003 004004 002002 002002 001001 001001 001001 002002 002002 003003
201 , 004004 001001 002002 001001 004004 001001 001003 004004 002002 003003
202 , 003004 002002 002002 002002 003003 001001 004004 001001 002002 002002
203 , 004004 003003 001002 002002 004004 002002 001001 002002 002002 005005
204 , 002002 005003 004004 002002 003003 002002 004004 002002 002002 005005
205 , 004004 005005 001001 002002 003003 001001 004004 004004 002002 005002
206 , 001001 005005 001001 001001 001001 001001 002002 004004 002002 001005
207 , 004004 004004 003003 002002 002002 001001 002002 001003 001001 003003
208 , 004004 001001 003003 002002 002002 002002 004004 001003 002002 003003
209 , 002001 001003 004004 002001 003002 002001 004004 001003 002003 002003
210 , 002002 002002 002002 001001 003003 001001 001001 004004 002002 002002
211 , 003003 001001 003003 002002 004002 001001 006006 002002 003003 002001
212 , 001001 005005 003003 002002 004004 001001 003003 002002 003003 002002
213 , 001001 005005 001001 001001 003003 001001 003004 002002 003003 005005
214 , 002002 003003 004004 002002 004004 002002 003003 001001 003003 001001
215 , 001001 002001 003003 001001 002002 002002 003003 004004 002002 001001
216 , 004004 002002 002002 001001 001001 001001 005005 002002 003003 001001
217 , 003003 004004 002002 002002 004004 002002 006006 002002 003003 002002
218 , 004003 003003 002002 002002 004004 001001 002002 001001 001001 002002
219 , 003003 003003 003003 002002 003003 001001 002002 002002 002002 002002
220 , 004004 003003 003003 002002 003003 001001 003003 001001 002002 005005
221 , 001001 002002 001001 001001 004004 001001 002002 002002 002002 001001
222 , 002002 005005 004004 002002 004004 001001 002002 001001 002002 001003
223 , 002002 003003 004004 002002 001001 002002 005005 001001 001001 001001
224 , 002002 002002 004004 002002 002002 001001 004004 003003 002002 002002
225 , 001002 003003 002004 001001 003003 001001 006001 003003 002002 002002
POP                    
131 , 002002 003003 002002 001001 001001 001001 003003 004002 003003 003003
132 , 002002 004003 001001 001001 001001 001001 005005 003003 003003 004004
133 , 002002 004004 004004 002002 004004 001001 005005 003003 001001 004004
146 , 002002 004004 002002 001002 004004 001001 004004 004004 001001 002002
147 , 002002 004004 004004 002002 004001 001001 002002 004004 001001 002002
148 , 002002 004004 003003 001001 002002 001001 005005 004004 001001 004004
161 , 004004 005005 002002 001001 004004 001002 004002 004001 001001 004003
162 , 002002 005005 004004 001001 004004 001001 005005 004004 001001 005005
163 , 001001 003004 001001 002002 001001 001001 005005 004004 001001 003003
POP                    
47 , 002002 005005 002002 001001 001004 002002 004004 002002 003003 002003
48 , 002002 002002 001001 001001 004002 002002 003003 002002 003003 003003
49 , 003001 003002 004001 001002 004001 002002 004004 002002 001003 005001
61 , 002002 005005 001001 002002 004004 002002 006006 002002 001001 002002
62 , 004004 005005 003003 002002 001001 002002 002002 002002 001001 004004
63 , 002002 003003 001001 002002 002002 002002 006006 002002 001001 004004
64 , 002001 003003 001001 002002 001001 002002 006006 002002 003003 005005
65 , 002002 004004 001001 001002 003001 002002 002001 003002 002003 001001
76 , 002002 005005 001001 002002 001001 002002 002002 002002 001001 002002
77 , 002002 005005 003003 001001 001001 002002 006006 002002 001001 004002
78 , 002002 003003 001001 002002 001001 002002 006006 002002 001001 004004
79 , 002002 003003 001001 002002 004004 002002 006006 002002 003003 002002
80 , 002002 003003 001001 001001 002002 002002 002002 003003 003003 005005
91 , 002002 004004 001001 002002 002002 002002 002002 002002 001001 002002
92 , 001001 003003 001001 001001 002002 002002 002002 002002 001001 004004
93 , 002002 003003 003003 002002 001001 002002 002006 002002 001001 002002
94 , 002002 004003 001001 001001 001001 001001 006006 002002 003003 003003
95 , 002002 003003 001001 001001 002002 001001 002002 002002 003003 004004
107 , 001001 003004 001001 002001 002002 003003 005005 002002 003003 004004
108 , 002002 004004 001001 001001 001001 002002 002002 002002 001001 004004
109 , 002002 001001 001001 001001 001001 002002 002002 002002 001001 001001
POP                    
40 , 002002 004004 001001 002002 001001 003003 002002 001001 002002 002002
41 , 002004 001001 001001 002002 004004 003003 006006 001002 002003 002002
42 , 004002 003003 001001 002002 004003 003003 006006 001001 001003 004004
54 , 002003 004004 001001 002002 004004 003003 001001 003003 002002 002002
55 , 002002 004004 001001 001001 004004 003003 001001 001001 001001 001001
56 , 002002 003003 001001 002002 001001 002002 001001 002002 002002 001001
57 , 002002 003003 001001 002002 004004 003003 001001 001001 003003 002002
58 , 002002 003003 002002 002002 004004 001003 001001 001001 002002 002002
69 , 002002 003003 001001 002002 004004 003003 005005 001001 001001 004004
70 , 002002 003003 001001 002002 004004 003002 005005 002002 003003 002001
71 , 002002 003003 001001 002002 004004 002002 001001 002002 002002 002002
72 , 002002 003003 004004 002002 004004 003003 005005 001001 002002 002002
73 , 002002 003003 004004 002002 004004 003003 005003 001001 003002 001002
84 , 002002 004004 001001 001001 002002 002002 001002 001001 001001 004004
85 , 002002 005005 001001 001001 004004 003003 001001 001001 001001 002002
86 , 002002 004004 004001 002002 004004 003003 001001 001001 001001 001001
87 , 002002 004004 001001 002002 004004 003003 005005 001001 002002 004004
88 , 002002 004004 004004 001001 004004 001001 003003 001001 002002 001001
100 , 002002 005005 001001 002002 004004 003003 005005 002002 001001 001001
101 , 002002 003003 001001 002002 004004 003003 003003 001001 001001 001001
102 , 002002 004003 001001 001001 004004 001001 005005 001001 002002 004004

